981 2 * 6420760786362823769296653774296236632402429318675915367452603711386456193709958608737754568883471330653872083531628632121784399208909036073963921230370375260817560046504060944356316155772191086712627421688528565251967757404295337261653707746185260317688974197060087034705221140112831521071507609
894 2 * 42928682841447187075836289855892629156535900514107927517684293084786844441409957297894592527460787241683614840492974772427636887719994128565592152980944126724469079274172144474672062412412603584793646346956898729686409791648474545298852872995161295471414165954724402947 893
66 103832676376161046043
35 41906999093
24 31855469
15 64327
15 34883
6 127
4 23
4 17
2 5
1 2
1 2
